       Wejście     Wyjście
1   4.64763616 0.065079933
2   5.30655045 0.618336025
3   0.98750132 0.607861874
4   2.26865872 0.712575887
5   0.14067490 0.998609017
6   3.54211200 0.968364715
7   4.46694101 0.253515630
8   5.56766875 0.831456695
9   1.50203426 0.069144081
10  1.90381939 0.347612677
11  0.70587203 0.837667340
12  0.81706392 0.758406045
13  2.90326609 0.993253882
14  0.06202175 0.999880718
15  1.03610306 0.559855715
16  0.15891230 0.997995464
17  2.47667079 0.862590631
18  4.12754072 0.609365230
19  0.56409623 0.913931397
20  1.09541400 0.499112259
21  4.64422879 0.068533635
22  4.34597558 0.383532203
23  0.48128829 0.945706820
24  0.24284648 0.992864084
25  0.98019540 0.614915214
26  6.16085344 0.999085060
27  0.86338507 0.720673510
28  2.96314781 0.997162889
29  5.61490532 0.860635337
30  2.33462829 0.766279732
31  6.22905490 0.999920699
32  0.81830943 0.757426081
33  0.64636741 0.873108114
34  6.28170602 0.999999998
35  5.91271153 0.974884390
36  3.62621570 0.944600242
37  5.86192674 0.963282014
38  6.05676362 0.994212470
39  1.36946046 0.206587001
40  5.08513157 0.390327973
41  3.66128191 0.932098222
42  0.76033252 0.800917661
43  3.46708294 0.982901024
44  1.88145431 0.323528804
45  4.60744514 0.106059635
46  3.43505977 0.987440012
47  2.40557177 0.817825355
48  5.40690313 0.709711574
49  4.14040675 0.596852031
50  4.71194313 0.000445848
51  1.86791408 0.308954598
52  5.79761754 0.944284187
53  4.14586268 0.591505034
54  1.61650259 0.045837840
55  3.49269165 0.978584046
56  0.78235357 0.784916829
57  5.52122829 0.799759396
58  4.30316374 0.429357952
59  0.20561197 0.995662981
60  0.29810913 0.986838358
61  4.89360410 0.185353412
62  5.85873618 0.962456404
63  4.50590504 0.212038522
64  5.95967649 0.983208901
65  5.51952501 0.798541149
66  1.79177771 0.227428455
67  6.16487910 0.999172410
68  2.20566584 0.656625762
69  3.39350269 0.992038108
70  2.02382303 0.475732094
71  0.48870326 0.943227072
72  5.96560096 0.984107690
73  3.29728276 0.998114833
74  2.13368216 0.587924149
75  4.59938839 0.114340793
76  3.79756072 0.867726523
77  3.84353478 0.840160926
78  3.80286942 0.864695069
79  5.87743772 0.967129265
80  1.43132708 0.141706723
81  5.14462292 0.453799845
82  0.30714289 0.985613739
83  1.38661462 0.188476481
84  2.58604317 0.917634870
85  1.87454060 0.316085901
86  6.26514121 0.999997063
87  0.69885309 0.842105866
88  0.72886399 0.822649063
89  2.75147409 0.970732292
90  1.67735205 0.107714599
91  4.26810341 0.466531997
92  5.56536431 0.829953644
93  1.76203573 0.195917185
94  3.36686836 0.994299660
95  5.68798396 0.899605485
96  3.37785420 0.993427171
97  4.51989902 0.197237157
98  1.20802397 0.379620335
99  4.91042691 0.203098564
100 6.15966160 0.999058069

$exclude
NULL

$net.result
$net.result[[1]]
            [,1]
  [1,] 0.2555996
  [2,] 0.5358002
  [3,] 0.5507777
  [4,] 0.5993572
  [5,] 0.9576338
  [6,] 1.0141786
  [7,] 0.2680634
  [8,] 0.7019030
  [9,] 0.1889791
 [10,] 0.3452220
 [11,] 0.8727250
 [12,] 0.7627614
 [13,] 1.0185046
 [14,] 0.9323495
 [15,] 0.4889645
 [16,] 0.9628961
 [17,] 0.7515176
 [18,] 0.4627678
 [19,] 0.9620228
 [20,] 0.4175392
 [21,] 0.2553148
 [22,] 0.3113403
 [23,] 0.9881318
 [24,] 0.9833317
 [25,] 0.5601999
 [26,] 1.0776367
 [27,] 0.7085107
 [28,] 1.0453255
 [29,] 0.7325206
 [30,] 0.6479363
 [31,] 1.1184624
 [32,] 0.7613575
 [33,] 0.9173926
 [34,] 1.1495273
 [35,] 0.9240636
 [36,] 0.9547440
 [37,] 0.8918049
 [38,] 1.0141201
 [39,] 0.2076766
 [40,] 0.4074972
 [41,] 0.9261250
 [42,] 0.8228974
 [43,] 1.0551706
 [44,] 0.3315361
 [45,] 0.2534295
 [46,] 1.0690451
 [47,] 0.6999855
 [48,] 0.5986044
 [49,] 0.4515024
 [50,] 0.2642761
 [51,] 0.3234276
 [52,] 0.8506468
 [53,] 0.4468021
 [54,] 0.2079585
 [55,] 1.0425060
 [56,] 0.8004822
 [57,] 0.6718675
 [58,] 0.3337975
 [59,] 0.9751035
 [60,] 0.9925896
 [61,] 0.3177418
 [62,] 0.8897706
 [63,] 0.2603347
 [64,] 0.9536744
 [65,] 0.6707679
 [66,] 0.2807028
 [67,] 1.0800644
 [68,] 0.5531423
 [69,] 1.0837914
 [70,] 0.4237602
 [71,] 0.9865011
 [72,] 0.9573934
 [73,] 1.1040443
 [74,] 0.5009556
 [75,] 0.2533145
 [76,] 0.7979840
 [77,] 0.7505155
 [78,] 0.7925776
 [79,] 0.9016822
 [80,] 0.1927804
 [81,] 0.4400503
 [82,] 0.9937226
 [83,] 0.2023929
 [84,] 0.8284869
 [85,] 0.3273786
 [86,] 1.1397972
 [87,] 0.8785353
 [88,] 0.8526991
 [89,] 0.9357710
 [90,] 0.2282473
 [91,] 0.3549395
 [92,] 0.7004106
 [93,] 0.2655422
 [94,] 1.0913183
 [95,] 0.7798949
 [96,] 1.0883946
 [97,] 0.2582683
 [98,] 0.3035963
 [99,] 0.3244785
[100,] 1.0769175


$weights
$weights[[1]]
$weights[[1]][[1]]
           [,1]       [,2]       [,3]       [,4]      [,5]
[1,] -0.5944609 -0.4339609 24.7088573  1.7671309  4.054846
[2,] -0.2297713 -0.2782791  0.1909773 -0.5191702 -4.168728
           [,6]       [,7]
[1,] -1.7775125 -10.976093
[2,]  0.4901176   2.814167

$weights[[1]][[2]]
           [,1]
[1,]  0.7137422
[2,] -0.5900680
[3,] -0.5268865
[4,]  0.1871293
[5,] -2.4324845
[6,]  1.8696854
[7,]  4.6056527
[8,] -2.8077332



$generalized.weights
$generalized.weights[[1]]
               [,1]
  [1,]   0.45330674
  [2,]   2.47522105
  [3,]  -5.20695989
  [4,]   3.06441141
  [5,]   7.28301329
  [6,]  43.40472003
  [7,]  -1.20402226
  [8,]   3.09538791
  [9,]   0.24626064
 [10,]   2.74156983
 [11,]  -7.54436733
 [12,]  -6.22160778
 [13,] -25.41216623
 [14,]   5.46173489
 [15,]  -4.99795775
 [16,]   7.87687168
 [17,]   3.84615863
 [18,]  -3.56085356
 [19,] -11.63242162
 [20,]  -4.73335890
 [21,]   0.42541448
 [22,]  -2.24308557
 [23,] -17.99650979
 [24,]  12.26122241
 [25,]  -5.23933733
 [26,]  -7.21131564
 [27,]  -5.86930092
 [28,]  -8.76647985
 [29,]   3.30974935
 [30,]   3.22657669
 [31,]  -4.48171316
 [32,]  -6.21100706
 [33,]  -8.74407794
 [34,]  -3.41030142
 [35,]   9.01868822
 [36,] -18.18467159
 [37,]   6.60658463
 [38,] -43.07845252
 [39,]  -2.03308519
 [40,]   2.20362672
 [41,] -12.36065315
 [42,]  -6.78949170
 [43,]   8.02857771
 [44,]   2.72501683
 [45,]   0.11123530
 [46,]   5.40710540
 [47,]   3.47744973
 [48,]   2.64045962
 [49,]  -3.49594264
 [50,]   0.93482161
 [51,]   2.71305693
 [52,]   5.05601683
 [53,]  -3.46826940
 [54,]   1.70920163
 [55,]  11.77144117
 [56,]  -6.54750808
 [57,]   2.92852507
 [58,]  -2.55405645
 [59,]   9.88793826
 [60,]  17.90945959
 [61,]   1.81155851
 [62,]   6.50222982
 [63,]  -0.83556437
 [64,]  14.21600614
 [65,]   2.92307752
 [66,]   2.60267924
 [67,]  -6.97058716
 [68,]   2.95582773
 [69,]   3.42128402
 [70,]   2.80053993
 [71,] -17.18313205
 [72,]  15.38126678
 [73,]   0.97825658
 [74,]   2.87259794
 [75,]   0.03955984
 [76,]  -6.30425466
 [77,]  -5.58717241
 [78,]  -6.20756779
 [79,]   7.17548774
 [80,]  -0.96282357
 [81,]   2.27824348
 [82,]  19.08244181
 [83,]  -1.74487748
 [84,]   4.83080741
 [85,]   2.71911698
 [86,]  -3.69400421
 [87,]  -7.66187438
 [88,]  -7.19452605
 [89,]  10.02809432
 [90,]   2.16974166
 [91,]  -2.78554389
 [92,]   3.08619109
 [93,]   2.52994613
 [94,]   2.55494351
 [95,]   3.77280226
 [96,]   2.88612013
 [97,]  -0.70211525
 [98,]  -4.03619662
 [99,]   1.86176479
[100,]  -7.28556003


$startweights
$startweights[[1]]
$startweights[[1]][[1]]
           [,1]       [,2]       [,3]       [,4]      [,5]
[1,] -0.5080737 -0.8322004 -0.3845664 -0.2866549 -1.176890
[2,] -0.0487403 -0.3987846  0.7253527  0.2215157 -1.250047
           [,6]       [,7]
[1,] -1.3119486 -0.6398967
[2,]  0.8187096  1.4100910

$startweights[[1]][[2]]
           [,1]
[1,]  1.0983926
[2,] -0.1319150
[3,] -0.1425413
[4,]  0.6485006
[5,]  0.7588538
[6,] -0.3691138
[7,]  2.7227625
[8,] -0.1230347



$result.matrix
                               [,1]
error                  4.003891e-01
reached.threshold      9.863386e-03
steps                  3.887000e+03
Intercept.to.1layhid1 -5.944609e-01
Wejście.to.1layhid1   -2.297713e-01
Intercept.to.1layhid2 -4.339609e-01
Wejście.to.1layhid2   -2.782791e-01
Intercept.to.1layhid3  2.470886e+01
Wejście.to.1layhid3    1.909773e-01
Intercept.to.1layhid4  1.767131e+00
Wejście.to.1layhid4   -5.191702e-01
Intercept.to.1layhid5  4.054846e+00
Wejście.to.1layhid5   -4.168728e+00
Intercept.to.1layhid6 -1.777512e+00
Wejście.to.1layhid6    4.901176e-01
Intercept.to.1layhid7 -1.097609e+01
Wejście.to.1layhid7    2.814167e+00
Intercept.to.Wyjście   7.137422e-01
1layhid1.to.Wyjście   -5.900680e-01
1layhid2.to.Wyjście   -5.268865e-01
1layhid3.to.Wyjście    1.871293e-01
1layhid4.to.Wyjście   -2.432485e+00
1layhid5.to.Wyjście    1.869685e+00
1layhid6.to.Wyjście    4.605653e+00
1layhid7.to.Wyjście   -2.807733e+00

attr(,"class")
[1] "nn"
> plot(net.sqrt,rep="best")
> testdata <- as.data.frame(runif(300,min=0,max=20))
> net.results <- compute(net.sqrt, testdata)
> print(net.results$net.result)
            [,1]
  [1,] 1.5180064
  [2,] 1.1037036
  [3,] 0.7554934
  [4,] 2.1666102
  [5,] 1.8730147
  [6,] 2.6886586
  [7,] 0.8733551
  [8,] 2.6867686
  [9,] 1.8843501
 [10,] 2.5239081
 [11,] 0.2789015
 [12,] 0.3927297
 [13,] 0.7494078
 [14,] 2.4890233
 [15,] 2.4791604
 [16,] 1.4173454
 [17,] 2.6721085
 [18,] 2.6364960
 [19,] 1.0373385
 [20,] 2.5554948
 [21,] 2.6921902
 [22,] 2.3095883
 [23,] 2.6364008
 [24,] 2.6891279
 [25,] 0.8286315
 [26,] 0.4021839
 [27,] 2.4310458
 [28,] 2.6735759
 [29,] 2.6438008
 [30,] 2.6809862
 [31,] 2.6131884
 [32,] 2.6892480
 [33,] 2.5977936
 [34,] 2.5694141
 [35,] 1.0517707
 [36,] 2.4083547
 [37,] 2.6090978
 [38,] 2.6793534
 [39,] 2.6745631
 [40,] 1.3814635
 [41,] 0.9734860
 [42,] 2.5967448
 [43,] 0.8144513
 [44,] 2.1426185
 [45,] 2.6733467
 [46,] 2.2025107
 [47,] 2.6910142
 [48,] 2.6899843
 [49,] 2.5637991
 [50,] 2.6414420
 [51,] 1.7344418
 [52,] 2.6513374
 [53,] 2.6554662
 [54,] 2.6918998
 [55,] 2.6615806
 [56,] 2.0847129
 [57,] 0.9706243
 [58,] 2.2798175
 [59,] 0.7782405
 [60,] 2.6910595
 [61,] 0.7880904
 [62,] 0.8151678
 [63,] 2.5804766
 [64,] 2.6229139
 [65,] 0.2559351
 [66,] 2.6850995
 [67,] 0.5412060
 [68,] 2.5372300
 [69,] 2.5923674
 [70,] 0.2684397
 [71,] 1.0242947
 [72,] 2.6776074
 [73,] 2.3693656
 [74,] 2.0465275
 [75,] 2.6757640
 [76,] 2.6125338
 [77,] 2.6882562
 [78,] 2.6412275
 [79,] 2.6717434
 [80,] 0.2865983
 [81,] 2.5838272
 [82,] 0.2181389
 [83,] 2.4632132
 [84,] 2.6724454
 [85,] 2.6898246
 [86,] 1.8119899
 [87,] 2.6546954
 [88,] 2.6735292
 [89,] 0.9383959
 [90,] 2.6882595
 [91,] 2.6846883
 [92,] 0.7929563
 [93,] 1.2656843
 [94,] 2.6917712
 [95,] 2.6905016
 [96,] 2.0786861
 [97,] 1.5083727
 [98,] 2.3735914
 [99,] 0.9471143
[100,] 0.9299169
[101,] 0.7001503
[102,] 0.9477092
[103,] 2.2199729
[104,] 2.5097378
[105,] 2.6771622
[106,] 1.1568936
[107,] 0.4546054
[108,] 0.9275799
[109,] 2.6630689
[110,] 1.0196792
[111,] 2.6653699
[112,] 2.4052683
[113,] 1.9263786
[114,] 2.5776676
[115,] 0.5225306
[116,] 2.4270352
[117,] 2.6272029
[118,] 2.6423254
[119,] 2.6574829
[120,] 2.4174100
[121,] 2.6367843
[122,] 2.4169996
[123,] 0.2200687
[124,] 1.3764356
[125,] 0.9991661
[126,] 2.6308255
[127,] 2.6767147
[128,] 2.4956428
[129,] 0.3655669
[130,] 2.3050751
[131,] 2.1809970
[132,] 2.5927026
[133,] 2.6549161
[134,] 0.4402330
[135,] 0.1887244
[136,] 2.6878843
[137,] 2.5110815
[138,] 2.3936723
[139,] 2.2763577
[140,] 0.9145407
[141,] 0.5710894
[142,] 2.6744071
[143,] 0.9964553
[144,] 1.5821952
[145,] 2.6574361
[146,] 2.6418785
[147,] 2.6913715
[148,] 1.5011803
[149,] 0.2729815
[150,] 0.9881072
[151,] 1.1845894
[152,] 0.2925768
[153,] 0.2538155
[154,] 1.8752513
[155,] 2.5215665
[156,] 0.8997825
[157,] 2.6883510
[158,] 0.5353809
[159,] 2.6665209
[160,] 2.6878248
[161,] 2.6675504
[162,] 0.6180128
[163,] 2.1266239
[164,] 2.5342992
[165,] 0.5730964
[166,] 2.5651497
[167,] 0.9976763
[168,] 2.6773551
[169,] 0.4451675
[170,] 1.0237839
[171,] 0.4294640
[172,] 2.6571871
[173,] 2.6232400
[174,] 0.2602560
[175,] 0.6012294
[176,] 2.6683075
[177,] 1.1046038
[178,] 2.4280569
[179,] 2.6909780
[180,] 2.5559344
[181,] 2.6646725
[182,] 2.6667720
[183,] 1.7154876
[184,] 0.7882801
[185,] 2.6903633
[186,] 2.5655193
[187,] 0.6657779
[188,] 2.6431823
[189,] 2.6539195
[190,] 2.6919902
[191,] 2.6841143
[192,] 2.6676801
[193,] 1.4756029
[194,] 2.6231654
[195,] 2.6723410
[196,] 0.3784609
[197,] 2.6907437
[198,] 2.2826257
[199,] 2.6891087
[200,] 1.3455605
[201,] 2.5922765
[202,] 2.6313821
[203,] 1.3743166
[204,] 0.9225237
[205,] 0.2402347
[206,] 2.5580507
[207,] 2.6880386
[208,] 2.5821507
[209,] 2.6774252
[210,] 2.6696441
[211,] 2.0857189
[212,] 2.6598105
[213,] 2.6893241
[214,] 2.6825503
[215,] 0.4699874
[216,] 2.6485131
[217,] 2.6667394
[218,] 0.2171890
[219,] 1.0371262
[220,] 1.4227860
[221,] 2.5493583
[222,] 0.2762911
[223,] 0.7442709
[224,] 2.6525454
[225,] 2.6056631
[226,] 1.5055057
[227,] 2.6672487
[228,] 2.6699636
[229,] 0.5803786
[230,] 0.5225247
[231,] 2.6537639
[232,] 2.5942799
[233,] 2.6165830
[234,] 1.6696936
[235,] 2.5412331
[236,] 0.6244654
[237,] 0.5979950
[238,] 0.2979431
[239,] 0.3031143
[240,] 0.9866814
[241,] 2.6899522
[242,] 2.6293243
[243,] 2.6658035
[244,] 0.8373887
[245,] 1.8978360
[246,] 1.0890396
[247,] 2.6837350
[248,] 2.5318551
[249,] 0.9361791
[250,] 2.5928959
[251,] 2.6900371
[252,] 0.6845278
[253,] 0.2651231
[254,] 2.6773632
[255,] 1.0738749
[256,] 2.6806125
[257,] 1.8313789
[258,] 2.6005212
[259,] 2.5824641
[260,] 2.6828777
[261,] 2.5783286
[262,] 0.4522895
[263,] 2.5715685
[264,] 2.5571395
[265,] 0.9958973
[266,] 2.4233546
[267,] 1.2525626
[268,] 2.3359925
[269,] 0.2329240
[270,] 2.6904900
[271,] 0.8658066
[272,] 2.2279952
[273,] 2.5886838
[274,] 2.6891195
[275,] 0.7589056
[276,] 0.7932282
[277,] 2.5697373
[278,] 2.6840305
[279,] 1.5390467
[280,] 2.6505940
[281,] 0.2539962
[282,] 2.6579446
[283,] 2.5982191
[284,] 2.6807919
[285,] 2.6522361
[286,] 2.0314314
[287,] 2.6840118
[288,] 1.0656104
[289,] 2.6112263
[290,] 2.4884778
[291,] 1.0554263
[292,] 2.4134301
[293,] 2.4875195
[294,] 2.5773419
[295,] 2.6921940
[296,] 2.6771124
[297,] 2.5818826
[298,] 2.6877332
[299,] 2.6398031
[300,] 0.2494885
> cleanoutput <- cbind(testdata,log(testdata^2),as.data.frame((net.results$net.result)))
> colnames(cleanoutput) <- c("Wejście", "Oczekiwane Wyjście", "Wyjście sieci neuronowej")
> print(cleanoutput)
        Wejście Oczekiwane Wyjście Wyjście sieci neuronowej
1    6.97398732         3.88437426                1.5180064
2    3.30023719         2.38798869                1.1037036
3    3.83877115         2.69030461                0.7554934
4    8.85635312         4.36227014                2.1666102
5    7.83629446         4.11753215                1.8730147
6   18.65586380         5.85232102                2.6886586
7    5.83303804         3.52707594                0.8733551
8   18.15529112         5.79792408                2.6867686
9    7.86889957         4.12583645                1.8843501
10  11.39161032         4.86575429                2.5239081
11   4.42756847         2.97570111                0.2789015
12   1.97776875         1.36393864                0.3927297
13   2.47373458         1.81145797                0.7494078
14  10.97546576         4.79132479                2.4890233
15  10.87065771         4.77213441                2.4791604
16   6.76998481         3.82499769                1.4173454
17  15.95871206         5.54000978                2.6721085
18  13.82001478         5.25223578                2.6364960
19   2.94439344         2.15980567                1.0373385
20  11.85027923         4.94470286                2.5554948
21  19.96157426         5.98761828                2.6921902
22   9.57021440         4.51731122                2.3095883
23  13.81630525         5.25169887                2.6364008
24  18.79666877         5.86735932                2.6891279
25   5.76340198         3.50305584                0.8286315
26   5.07509319         3.24868978                0.4021839
27  10.41983929         4.68742323                2.4310458
28  16.10787174         5.55861616                2.6735759
29  14.12456193         5.29583053                2.6438008
30  17.04687829         5.67193419                2.6809862
31  13.05657779         5.13858410                2.6131884
32  18.83395231         5.87132243                2.6892480
33  12.66564376         5.07778622                2.5977936
34  12.08701215         4.98426300                2.5694141
35   2.97901405         2.18318478                1.0517707
36  10.23503602         4.65163348                2.4083547
37  12.94583356         5.12154801                2.6090978
38  16.80650459         5.64353198                2.6793534
39  16.21376090         5.57172064                2.6745631
40   6.70035700         3.80432162                1.3814635
41   5.99130734         3.58061928                0.9734860
42  12.64134836         5.07394611                2.5967448
43   2.56570450         1.88446620                0.8144513
44   8.75515828         4.33928609                2.1426185
45  16.08395393         5.55564425                2.6733467
46   9.01626985         4.39806141                2.2025107
47  19.45306598         5.93600938                2.6910142
48  19.07481396         5.89673765                2.6899843
49  11.98845524         4.96788825                2.5637991
50  14.02167046         5.28120805                2.6414420
51   7.46711638         4.02101780                1.7344418
52  14.48851269         5.34671221                2.6513374
53  14.71559940         5.37781623                2.6554662
54  19.82696502         5.97408576                2.6918998
55  15.09938777         5.42930840                2.6615806
56   8.52709041         4.28649640                2.0847129
57   0.54232951        -1.22376303                0.9706243
58   9.40253750         4.48195920                2.2798175
59   5.68542952         3.47581336                0.7782405
60  19.47100197         5.93785256                2.6910595
61   5.70064208         3.48115763                0.7880904
62   5.74252831         3.49579917                0.8151678
63  12.29501678         5.01838808                2.5804766
64  13.34426393         5.18217325                2.6229139
65   4.65139780         3.07433555                0.2559351
66  17.78222172         5.75639836                2.6850995
67   4.04418246         2.79455884                0.5412060
68  11.57363814         4.89745988                2.5372300
69  12.54272560         5.05828173                2.5923674
70   4.46535849         2.99269900                0.2684397
71   6.07328512         3.60779933                1.0242947
72  16.57326414         5.61558161                2.6776074
73   9.94901793         4.59494769                2.3693656
74   8.38757017         4.25350174                2.0465275
75  16.34922136         5.58836055                2.6757640
76  13.03848321         5.13581046                2.6125338
77  18.54088058         5.83995611                2.6882562
78  14.01254330         5.27990576                2.6412275
79  15.92301029         5.53553050                2.6717434
80   4.80402688         3.13890900                0.2865983
81  12.36206614         5.02926520                2.5838272
82   1.34178604         0.58800318                0.2181389
83  10.71096321         4.74253563                2.4632132
84  15.99214207         5.54419496                2.6724454
85  19.02067366         5.89105295                2.6898246
86   7.66739869         4.07395481                1.8119899
87  14.67146541         5.37180896                2.6546954
88  16.10298564         5.55800940                2.6735292
89   5.93539910         3.56186854                0.9383959
90  18.54178667         5.84005385                2.6882595
91  17.69817621         5.74692319                2.6846883
92   3.80249823         2.67131656                0.7929563
93   6.48519303         3.73904317                1.2656843
94  19.76935393         5.96826591                2.6917712
95  19.25813392         5.91586703                2.6905016
96   8.50453650         4.28119945                2.0786861
97   6.95386532         3.87859533                1.5083727
98   9.97833134         4.60083175                2.3735914
99   5.94924064         3.56652718                0.9471143
100  5.92196741         3.55733745                0.9299169
101  2.40579749         1.75576289                0.7001503
102  0.10833743        -4.44500922                0.9477092
103  9.09813304         4.41613846                2.2199729
104 11.21308393         4.83416261                2.5097378
105 16.51721433         5.60880626                2.6771622
106  6.29429262         3.67928658                1.1568936
107  2.06837595         1.45352747                0.4546054
108  3.65955862         2.59468509                0.9275799
109 15.20330672         5.44302590                2.6630689
110  6.06578360         3.60532747                1.0196792
111 15.37371798         5.46531885                2.6653699
112 10.21102951         4.64693692                2.4052683
113  7.99349958         4.15725732                1.9263786
114 12.24032531         5.00947171                2.5776676
115  5.28490282         3.32970846                0.5225306
116 10.38605297         4.68092769                2.4270352
117 13.48391088         5.20299438                2.6272029
118 14.05965974         5.28661937                2.6423254
119 14.83525992         5.39401355                2.6574829
120 10.30697786         4.66564226                2.4174100
121 13.83128922         5.25386672                2.6367843
122 10.30366754         4.66499981                2.4169996
123  1.65494200         1.00753193                0.2200687
124  6.69071942         3.80144281                1.3764356
125  2.86439771         2.10471621                0.9991661
126 13.60902778         5.22146676                2.6308255
127 16.46216420         5.60212934                2.6767147
128 11.04867733         4.80462144                2.4956428
129  1.93610352         1.32135491                0.3655669
130  9.54399980         4.51182533                2.3050751
131  8.91915408         4.37640222                2.1809970
132 12.55012582         5.05946138                2.5927026
133 14.68401401         5.37351884                2.6549161
134  5.14494828         3.27603064                0.4402330
135  1.48192348         0.78668178                0.1887244
136 18.43895060         5.82893061                2.6878843
137 11.22940995         4.83707245                2.5110815
138 10.12304833         4.62962967                2.3936723
139  9.38381501         4.47797280                2.2763577
140  0.01204801        -8.83771113                0.9145407
141  2.23018379         1.60416800                0.5710894
142 16.19671450         5.56961683                2.6744071
143  0.42446086        -1.71387095                0.9964553
144  7.11164048         3.92346589                1.5821952
145 14.83241259         5.39362965                2.6574361
146 14.04036273         5.28387247                2.6418785
147 19.59781400         5.95083606                2.6913715
148  6.93892953         3.87429503                1.5011803
149  4.44767342         2.98476226                0.2729815
150  0.48140476        -1.46209375                0.9881072
151  6.34197967         3.69438194                1.1845894
152  1.81390844         1.19096775                0.2925768
153  4.57048223         3.03923744                0.2538155
154  7.84269549         4.11916518                1.8752513
155 11.36110142         4.86039073                2.5215665
156  2.69348800         1.98167401                0.8997825
157 18.56752083         5.84282772                2.6883510
158  4.05008432         2.79747540                0.5353809
159 15.46387133         5.47701284                2.6665209
160 18.42299467         5.82719919                2.6878248
161 15.54755903         5.48780730                2.6675504
162  3.96898483         2.75702071                0.6180128
163  8.68998558         4.32434256                2.1266239
164 11.53229218         4.89030223                2.5342992
165  5.36650057         3.36035207                0.5730964
166 12.01176366         4.97177295                2.5651497
167  0.40601287        -1.80274086                0.9976763
168 16.54133392         5.61172467                2.6773551
169  2.05485339         1.44040901                0.4451675
170  3.52631402         2.52050628                1.0237839
171  2.03214326         1.41818206                0.4294640
172 14.81731818         5.39159329                2.6571871
173 13.35457914         5.18371867                2.6232400
174  4.50639590         3.01099540                0.2602560
175  5.41103879         3.37688218                0.6012294
176 15.61106931         5.49596047                2.6683075
177  3.29206373         2.38302928                1.1046038
178 10.39461148         4.68257509                2.4280569
179 19.43884023         5.93454628                2.6909780
180 11.85738289         4.94590140                2.5559344
181 15.32073816         5.45841469                2.6646725
182 15.48400532         5.47961515                2.6667720
183  7.42032533         4.00844580                1.7154876
184  5.70093515         3.48126045                0.7882801
185 19.20789696         5.91064299                2.6903633
186 12.01818518         4.97284187                2.5655193
187  5.51179213         3.41377964                0.6657779
188 14.09712682         5.29194201                2.6431823
189 14.62787624         5.36585808                2.6539195
190 19.86813674         5.97823456                2.6919902
191 17.58534906         5.73413223                2.6841143
192 15.55831824         5.48919086                2.6676801
193  6.88640076         3.85909713                1.4756029
194 13.35221525         5.18336461                2.6231654
195 15.98172824         5.54289217                2.6723410
196  5.02884439         3.23038043                0.3784609
197 19.34847434         5.92522714                2.6907437
198  9.41784541         4.48521268                2.2826257
199 18.79077021         5.86673161                2.6891087
200  6.63215063         3.78385826                1.3455605
201 12.54072375         5.05796250                2.5922765
202 13.62888427         5.22438277                2.6313821
203  6.68666620         3.80023085                1.3743166
204  5.91027876         3.55338600                0.9225237
205  1.70703689         1.06951810                0.2402347
206 11.89189759         4.95171459                2.5580507
207 18.48074562         5.83345883                2.6880386
208 12.32826493         5.02378918                2.5821507
209 16.55015728         5.61279121                2.6774252
210 15.72756608         5.51082995                2.6696441
211  8.53087541         4.28738397                2.0857189
212 14.98157410         5.41364211                2.6598105
213 18.85784477         5.87385799                2.6893241
214 17.30154206         5.70159127                2.6825503
215  1.05141909         0.10028154                0.4699874
216 14.34522768         5.32683464                2.6485131
217 15.48138668         5.47927689                2.6667394
218  1.34405679         0.59138499                0.2171890
219  6.09420085         3.61467528                1.0371262
220  6.78067571         3.82815352                1.4227860
221 11.75343645         4.92829132                2.5493583
222  1.78331208         1.15694471                0.2762911
223  3.84949602         2.69588447                0.7442709
224 14.55265678         5.35554715                2.6525454
225 12.85691256         5.10776322                2.6056631
226  6.94790288         3.87687974                1.5055057
227 15.52271991         5.48460950                2.6672487
228 15.75628385         5.51447852                2.6699636
229  0.96458181        -0.07212125                0.5803786
230  2.16358591         1.54353398                0.5225247
231 14.61923158         5.36467579                2.6537639
232 12.58527858         5.06505553                2.5942799
233 13.15284287         5.15327585                2.6165830
234  7.31043243         3.97860486                1.6696936
235 11.63138639         4.90741434                2.5412331
236  2.30275690         1.66821411                0.6244654
237  3.98821172         2.76668588                0.5979950
238  1.82363278         1.20166109                0.2979431
239  4.36375201         2.94666448                0.3031143
240  0.48791216        -1.43523977                0.9866814
241 19.06383675         5.89558635                2.6899522
242 13.55633011         5.21370721                2.6293243
243 15.40727349         5.46967940                2.6658035
244  5.77699888         3.50776865                0.8373887
245  7.90823023         4.13580804                1.8978360
246  3.09436360         2.25916453                1.0890396
247 17.51349782         5.72594377                2.6837350
248 11.49839177         4.88441436                2.5318551
249  5.93188470         3.56068397                0.9361791
250 12.55440334         5.06014294                2.5928959
251 19.09298079         5.89864154                2.6900371
252  2.38444053         1.73792904                0.6845278
253  4.71652250         3.10214354                0.2651231
254 16.54235337         5.61184793                2.6773632
255  3.42253942         2.46076559                1.0738749
256 16.98974087         5.66521937                2.6806125
257  7.71989971         4.08760275                1.8313789
258 12.73009446         5.08793767                2.6005212
259 12.33454385         5.02480754                2.5824641
260 17.35832910         5.70814491                2.6828777
261 12.25307507         5.01155386                2.5783286
262  5.16624408         3.28429188                0.4522895
263 12.12602110         4.99070729                2.5715685
264 11.87696994         4.94920245                2.5571395
265  0.43057871        -1.68525027                0.9958973
266 10.35548646         4.67503294                2.4233546
267  6.46163477         3.73176469                1.2525626
268  9.72986969         4.55040101                2.3359925
269  1.68931054         1.04864096                0.2329240
270 19.25391183         5.91542850                2.6904900
271  3.72854243         2.63203478                0.8658066
272  9.13671598         4.42460204                2.2279952
273 12.46299514         5.04552773                2.5886838
274 18.79408084         5.86708394                2.6891195
275  5.65559356         3.46529013                0.7589056
276  2.53532382         1.86064273                0.7932282
277 12.09281991         4.98522376                2.5697373
278 17.56930092         5.73230623                2.6840305
279  7.01840883         3.89707306                1.5390467
280 14.44991874         5.34137758                2.6505940
281  1.73794905         1.10541142                0.2539962
282 14.86355590         5.39782461                2.6579446
283 12.67557514         5.07935385                2.5982191
284 17.01700754         5.66842658                2.6807919
285 14.53605950         5.35326485                2.6522361
286  8.33451783         4.24081133                2.0314314
287 17.56573296         5.73190003                2.6840118
288  3.44347619         2.47296296                1.0656104
289 13.00277145         5.13032505                2.6112263
290 10.96953868         4.79024444                2.4884778
291  3.46653521         2.48631119                1.0554263
292 10.27507578         4.65944227                2.4134301
293 10.95916416         4.78835203                2.4875195
294 12.23406957         5.00844929                2.5773419
295 19.96336046         5.98779723                2.6921940
296 16.51102837         5.60805709                2.6771124
297 12.32290712         5.02291980                2.5818826
298 18.39864823         5.82455439                2.6877332
299 13.95283631         5.27136561                2.6398031
300  1.72812384         1.09407266                0.2494885
> library(neuralnet)
> library(ggplot2)
> 
> setwd("D:/MGR/APU/lab3/")
> dataset <-read.csv("macbooki.csv")
> ocena_klientow <- dataset[["ocena_klientow"]]  
> cena <- dataset[["cena"]]  
> 
> #przygotowanie danych
> compare.trainingdata <- cbind(ocena_klientow, cena)
> #scalowanie ocen
> scaled.ocena_klientow <- as.data.frame(scale(ocena_klientow))
> #trenowanie
> trainingdata <- cbind(scaled.ocena_klientow, cena)
> colnames(trainingdata) <- c("ocena_klientow", "cena")
> #(error ≤ 100 z l)
> net.price <- neuralnet(cena~ocena_klientow,trainingdata, hidden<-c(5,3,3), threshold<-100, lifesign <- "full")
> plot(net.price)
> 
> testdata <- data.frame(c(20,130))
> scaled.testdata <- as.data.frame(scale(testdata))
> #prognozowanie
> net.results <- compute(net.price, scaled.testdata)
> fixed_cena <- cbind(testdata, as.data.frame(net.results$net.result))
> colnames(fixed_cena) <- c("ocena_klientow", "cena")
> 
> print(fixed_cena)
  ocena_klientow     cena
1             20 11926.62
2            130 11926.62
> 